8.887779116630554199e-01
9.286306500434875488e-01
9.337816834449768066e-01
9.349437355995178223e-01
9.365820884704589844e-01
9.395952820777893066e-01
9.409605264663696289e-01
9.427434206008911133e-01
9.437882304191589355e-01
9.432694315910339355e-01
9.435874819755554199e-01
9.451615214347839355e-01
9.444515705108642578e-01
9.461308717727661133e-01
9.480470418930053711e-01
9.475491046905517578e-01
9.462545514106750488e-01
9.467476010322570801e-01
9.479265809059143066e-01
9.469259381294250488e-01
