3.458365201950073242e-01
3.275906741619110107e-01
3.234268128871917725e-01
3.213967382907867432e-01
3.200926780700683594e-01
3.185920119285583496e-01
3.172765970230102539e-01
3.156045675277709961e-01
3.149107098579406738e-01
3.152845203876495361e-01
3.142183125019073486e-01
3.139471113681793213e-01
3.141583502292633057e-01
3.132334649562835693e-01
3.123903274536132812e-01
3.126454055309295654e-01
3.131366968154907227e-01
3.127695322036743164e-01
3.123491406440734863e-01
3.128723502159118652e-01
