8.806818723678588867e-01
9.299300312995910645e-01
9.328211545944213867e-01
9.359500408172607422e-01
9.364977478981018066e-01
9.390901327133178711e-01
9.405308961868286133e-01
9.423153400421142578e-01
9.430518150329589844e-01
9.438131451606750488e-01
9.455028176307678223e-01
9.458858966827392578e-01
9.446371197700500488e-01
9.460633993148803711e-01
9.450651407241821289e-01
9.460208415985107422e-01
9.464906454086303711e-01
9.469186663627624512e-01
9.475860595703125000e-01
9.479996562004089355e-01
9.484413266181945801e-01
9.491970539093017578e-01
