4.155671894550323486e-01
3.996329307556152344e-01
3.962963223457336426e-01
3.943205177783966064e-01
3.929675817489624023e-01
3.915830254554748535e-01
3.904004693031311035e-01
3.892744481563568115e-01
3.889758288860321045e-01
3.883441686630249023e-01
3.876871168613433838e-01
3.876334726810455322e-01
3.878726065158843994e-01
3.873177468776702881e-01
3.872936964035034180e-01
3.872501254081726074e-01
3.870601356029510498e-01
3.866168558597564697e-01
3.862750530242919922e-01
3.863488733768463135e-01
3.859691619873046875e-01
3.855746984481811523e-01
